17
85
192
226
340
381
464
572
602
612
662
760
846
871
885
889
948
956
1010
1021
1022
1047
1049
1103
1202
1264
1297
1343
1494
1518
1531
1538
1550
1557
1643
1653
1814
1880
1895
2082
2113
2138
2163
2249
2375
2375
2443
2590
2645
2650
2664
2705
2807
2911
2979
3087
3117
3232
3278
3354
3434
3436
3578
3621
3783
3876
3998
4087
4125
4270
4324
4343
4360
4552
4555
4555
4650
4722
4730
4757
4771
4818
4872
4904
4996
5001
5034
5266
5269
5286
5342
5361
5424
5469
5525
5548
5573
5737
5800
5920
5965
5992
5996
6054
6121
6123
6176
6432
6456
6473
6512
6513
6528
6567
6588
6655
6748
6830
6852
6859
6936
6961
7153
7155
7345
7367
7403
7440
7494
7532
7552
7605
7608
7646
7687
7706
7735
7796
7810
7837
7887
7908
7913
8034
8069
8125
8162
8338
8417
8481
8699
8703
8770
8882
8918
8975
8979
8989
9122
9225
9239
9381
9460
9478
9515
9577
9590
9663
9742
9787
9829
9847
9871
9874
9878
9879
9889
9957
9967
10005
10039
10040
10126
10142
10143
10183
10184
10191
10214
10384
10502
10583
10616
10633
10684
10719
10740
10750
10878
11186
11291
11354
11380
11391
11391
11457
11626
11712
11717
11747
11770
11836
12039
12208
12247
12271
12476
12523
12583
12599
12614
12628
12683
12752
12831
12863
12876
12970
13004
13055
13095
13154
13265
13304
13365
13407
13459
13509
13624
13624
13633
13838
13844
13848
14028
14068
14121
14255
14259
14317
14378
14509
14550
14614
14927
14936
14937
15067
15103
15212
15245
15316
15322
15458
15532
15565
15571
15640
15719
15757
15768
15786
15804
15833
15915
16119
16122
16178
16179
16333
16373
16394
16455
16461
16515
16518
16520
16737
16802
16899
16899
16938
16975
17092
17133
17152
17177
17248
17293
17331
17386
17479
17501
17564
17594
17626
17653
17837
17862
17907
17909
17994
18033
18081
18393
18413
18423
18471
18485
18564
18577
18670
18672
18679
18868
18939
18948
18995
19044
19087
19098
19167
19334
19343
19445
19473
19503
19617
19634
19703
19777
20092
20130
20131
20161
20188
20325
20336
20374
20390
20420
20423
20491
20548
20552
20597
20606
20648
20680
20704
20706
20714
20877
20886
21009
21010
21075
21082
21113
21170
21317
21388
21588
21600
21725
21732
21807
21868
21935
21960
22039
22119
22166
22187
22204
22217
22247
22551
22563
22600
22668
22743
22746
22773
22802
22827
22927
23036
23054
23167
23218
23338
23373
23517
23726
23728
23792
23845
23878
23885
23938
24012
24066
24107
24277
24281
24298
24310
24508
24552
24950
24953
24965
24994
25034
25051
25051
25054
25101
25126
25211
25279
25554
25556
25559
25610
25615
25638
25671
25750
25831
25860
25862
25907
25915
25952
25987
26013
26019
26028
26053
26082
26135
26250
26260
26285
26387
26406
26528
26625
26728
26781
26790
26828
26873
26938
26977
27034
27052
27073
27122
27150
27262
27286
27407
27425
27441
27456
27508
27549
27592
27601
27607
27663
27713
27755
27786
27812
27894
27938
28079
28081
28154
28234
28315
28409
28466
28495
28582
28587
28622
28626
28635
28666
28878
28947
28985
28987
28991
28995
29047
29077
29136
29138
29156
29197
29240
29264
29286
29347
29353
29395
29405
29415
29463
29516
29544
29580
29649
29711
29726
29738
29745
29752
29790
29860
29912
30024
30028
30040
30057
30101
30180
30190
30377
30393
30479
30569
30570
30793
30800
30811
30816
30832
31165
31259
31386
31463
31478
31598
31691
31701
31763
31866
31947
31972
31979
32086
32175
32192
32223
32245
32259
32259
32340
32357
32368
32384
32385
32515
32595
32662
32687
32708
32768
32796
32855
32868
32959
33071
33087
33091
33123
33147
33168
33328
33463
33483
33516
33592
33613
33687
33725
33743
33792
33873
33956
34025
34085
34106
34159
34221
34234
34311
34469
34536
34576
34580
34657
34736
34782
34789
34943
35030
35087
35151
35231
35275
35533
35664
36004
36082
36189
36220
36296
36328
36353
36448
36604
36653
36657
36799
36852
36876
36884
36916
36961
37142
37277
37387
37405
37511
37525
37568
37571
37829
37935
37978
38006
38050
38065
38184
38247
38249
38401
38483
38624
38686
38702
38805
38974
38992
39084
39129
39169
39182
39199
39291
39299
39308
39371
39434
39446
39480
39540
39557
39745
39774
39814
39869
39952
40087
40087
40114
40132
40135
40142
40180
40201
40440
40446
40452
40519
40532
40545
40591
40624
40715
40794
40834
41003
41045
41247
41261
41278
41401
41402
41483
41640
41716
41825
41916
41928
41950
42050
42463
42505
42586
42722
42837
42877
42960
42961
43017
43153
43303
43303
43418
43510
43577
43594
43607
43608
43645
43778
43802
43998
44047
44081
44167
44197
44207
44246
44381
44413
44624
44719
44724
44747
44819
44849
44976
44979
45105
45484
45511
45580
45582
45723
45822
45868
45882
45970
46016
46072
46232
46309
46587
46591
46591
46640
46682
46732
46742
46882
46891
46932
47001
47034
47107
47292
47354
47381
47419
47461
47557
47581
47633
47665
47697
48067
48110
48121
48213
48250
48254
48322
48357
48427
48451
48699
48932
48959
48996
49027
49108
49113
49207
49288
49295
49317
49322
49399
49449
49472
49564
49650
49917
49993
50008
50019
50067
50193
50276
50330
50379
50386
50395
50427
50614
50661
50849
50892
50897
50936
51022
51028
51037
51055
51213
51307
51308
51326
51361
51405
51465
51498
51593
51662
51672
51699
51796
51817
51887
51967
51981
52124
52136
52154
52197
52292
52297
52302
52321
52322
52368
52412
52456
52481
52609
52747
52776
52802
52868
52948
52960
53010
53192
53259
53263
53270
53283
53291
53324
53374
53389
53406
53433
53455
53552
53576
53995
54085
54249
54300
54370
54475
54602
54757
54807
54820
54876
54882
55181
55352
55407
55425
55445
55616
55684
55699
55911
55991
56203
56216
56320
56427
56458
56510
56555
56568
56770
56904
56991
57037
57071
57151
57165
57248
57252
57466
57471
57517
57569
57573
57583
57592
57621
57631
57633
57649
57754
57783
57809
57890
57891
58002
58086
58155
58174
58191
58312
58330
58409
58445
58489
58526
58546
58549
58591
58628
58689
58690
58700
58813
58874
58917
58955
59048
59085
59089
59191
59193
59207
59225
59286
59289
59294
59352
59538
59565
59617
59656
59703
59827
59888
59904
59933
59934
