20420
34025
24953
52322
59225
8989
36604
53270
10384
9787
46232
9590
25638
602
15565
54807
889
22802
53263
50897
40087
39952
57649
24012
23938
14378
59888
9878
39299
46732
30393
17
40135
464
39480
11626
22746
56555
38974
20131
56991
57252
10126
38483
17994
38401
6852
37571
31866
34234
27938
24281
27894
4270
41401
7345
33123
15316
33328
2375
33087
54602
39540
27122
47581
22217
11836
16394
8125
26938
10616
25610
44167
27073
35030
1297
48996
9879
12752
54882
50330
43607
5525
52747
9122
23054
28466
7810
55911
7605
7837
4555
37405
3354
58174
40087
48699
57466
46587
31463
20374
15532
59294
38702
20188
1047
20325
51796
4650
50019
34789
29047
30570
58445
20092
7403
16461
13844
8882
40834
52609
32368
33483
18471
14255
8162
45580
25860
340
26406
37511
4324
26873
26790
18564
44819
27441
21960
14
39169
52302
24552
40440
23845
57569
27456
16938
1022
53324
2979
14028
32245
52197
30569
17837
29726
39434
3876
44976
41278
572
58002
948
9478
16122
44747
13055
23517
4730
57754
7494
6748
9957
2249
23036
25554
7440
85
11380
30024
14259
3232
26260
9663
5992
37829
59352
5269
20130
20390
30816
25671
52776
26977
50008
30800
26028
11457
26082
29264
36876
44081
2113
20680
58628
1643
31972
9889
34221
21807
39182
21868
22166
28495
39774
19044
25054
10183
46016
6512
15915
23338
51887
33956
12523
33687
47557
29415
32868
29738
36448
53552
28154
8975
26387
30377
5469
8338
25862
25750
28587
28626
24107
16975
42505
49108
28991
20648
34106
55699
57592
7153
1049
41716
6513
48250
48121
6936
25615
29711
26135
31947
57583
8417
13848
52154
32175
29860
46309
26625
1653
4757
57631
42722
11712
21588
21600
49650
30057
19087
5424
57037
58549
57151
26528
20714
15322
4555
20423
7913
54475
3434
29463
29544
13154
22119
39291
885
14121
59933
57071
5342
10214
27713
32796
40132
7552
11391
21935
51022
9874
51037
40180
27034
12683
22204
12628
28878
2590
10684
36296
55181
16333
6655
18393
34085
18670
5286
37142
17092
22743
4087
42961
58155
53291
5920
33463
50395
39745
662
54249
29580
17293
8918
18939
44413
41261
58700
6473
24965
45970
1010
19473
36328
5001
23728
13265
8069
21317
42050
10142
22668
39371
19703
59934
23373
43418
37525
25987
22827
40532
7706
50276
18672
23726
7646
15833
58874
44624
9460
4818
50067
5737
9871
20597
53374
4722
36961
32595
14509
381
42463
28582
52368
3578
33792
52297
58312
32357
7908
25556
21113
12208
53010
23218
10878
49449
49113
27425
32662
38247
14936
3621
52124
31478
28985
51817
52948
26013
55991
16179
36353
53192
50849
16899
32340
18679
59703
4360
34943
8034
57809
19167
53576
12039
39199
10633
39129
1202
35275
34311
36916
26728
28987
34580
4771
10191
5266
20704
57517
4125
14614
54085
5573
12476
30028
5800
58813
22551
12831
33613
6456
32708
57248
49399
956
1550
38184
25051
16518
33725
51672
46591
10040
36004
13633
17653
51405
871
6432
6830
1518
7367
20161
21725
31165
13004
4996
49993
15245
45582
39869
27150
24277
11391
29077
35664
47034
56568
51055
36189
51465
13407
39557
41950
12614
36082
23792
11354
10750
44979
25126
52136
28409
53455
17501
48110
45868
29516
51662
25915
27755
19343
16373
26781
11291
52456
47381
12863
52292
30811
29752
48067
39814
9515
27508
7608
22563
54820
29353
13624
45882
34469
12583
59617
10740
43017
18413
30190
10039
27601
21388
29649
55352
37935
5034
22927
23885
47665
52802
43608
32192
49288
56904
51361
37568
18485
26250
25952
50386
14927
16178
26019
47461
15571
38249
40142
16802
10184
1814
27663
1538
5965
57891
32959
14937
15458
38624
29912
21009
40624
55425
53389
11186
24310
43778
56203
36220
44849
39308
12970
18423
3783
28079
33743
24066
44719
35151
56770
16520
57633
50427
29286
38992
44246
760
41402
17331
25211
47292
39084
58409
29240
27286
19445
52412
12247
41003
51028
43998
13459
49564
51307
9239
46591
16899
29136
46742
49295
54876
59089
4872
43303
41825
59656
13095
36799
59565
1494
43594
44207
8770
35231
11770
27549
58917
40545
30180
192
45511
40114
24298
27407
48959
38006
17909
53995
18995
47354
26053
6054
32086
20336
2664
35087
6859
15719
40201
17564
1895
9829
32384
21170
41045
48932
4904
17907
7155
2375
29197
20548
58489
56216
52868
2650
31386
1343
55445
58689
32515
56320
59827
6121
52960
21010
51308
59085
53406
1880
33147
18081
31979
40446
45723
9847
47001
43153
50614
31598
38050
31259
6588
15640
10502
59193
1103
6567
30479
8699
25051
31763
42837
33592
53283
15786
20606
33516
24950
14068
1021
33071
19777
226
28635
59538
51326
2163
28947
15768
49322
47107
2807
34159
36884
42960
50193
2443
34576
9577
612
43645
5996
20886
30832
22773
40794
58591
51699
18577
5548
46682
51981
32768
38686
29395
42877
27607
25101
17626
7687
32687
23878
40452
10583
37978
43577
41247
58526
59904
50379
4343
28315
17594
48427
37277
14550
27786
41916
2138
11717
30101
2705
34736
47697
29790
13624
51593
25907
52481
15757
25279
46072
20552
12271
22247
21732
17133
55407
19098
21075
26285
27812
54370
28666
50661
15804
49917
37387
26828
57165
28081
16119
20877
56458
36653
3278
57471
45105
12599
29347
20706
16737
49207
31691
30040
41928
8703
32259
34782
43802
31701
36657
17862
10719
51967
48451
8979
16515
25034
18868
44047
5361
57783
35533
7532
59289
28995
27592
13365
9742
33873
19503
38065
51213
59286
33091
7796
25559
6528
53433
52321
23167
29156
15103
10143
32223
2082
54300
22039
57573
50936
10005
4552
6123
55616
46891
16455
55684
19334
24994
39446
58546
41483
29405
2911
2645
58191
44197
846
3998
48254
22600
34536
19617
58330
45822
27052
9225
17248
25831
49317
9381
42586
47633
30793
49472
6176
57621
18033
9967
3436
17152
44724
32259
17177
46640
46882
56510
59191
36852
15067
57890
28622
43510
17386
13509
56427
48213
32385
8481
12876
28234
19634
41640
18948
15212
40519
46932
50892
3087
27262
24508
43303
17479
48357
11747
40591
58955
13838
22187
34657
1557
7887
59207
58690
58086
13304
3117
14317
54757
29138
51498
21082
59048
6961
1264
45484
40715
38805
53259
7735
44381
49027
29745
20491
47419
1531
32855
48322
